    100001    101001
      1011      1505
      1021      1509
    100004    101004
      2011      2505
      2021      2509
    100007    101007
      3011      3505
      3021      3509
    100010    101010
      4011      4505
      4021      4509
    100013    101013
      5011      5505
      5021      5509
    100016    101016
      6011      6505
      6021      6509
    100019    101019
      7011      7505
      7021      7509
    100022    101022
      8011      8505
      8021      8509
    100025    101025
      9011      9505
      9021      9509
    100028    101028
     10011     10505
     10021     10509
    100031    101031
     11011     11505
     11021     11509
    100034    101034
     12011     12505
     12021     12509