    100001    100002
    100002    100003
      1001      1002
      1002      1003
      1003      1004
      1004      1005
      1005      1006
      1006      1007
      1007      1008
      1008      1009
      1009      1010
      1010      1011
      1004      1011
      1011      1012
      1012      1013
      1013      1014
      1014      1015
      1015      1016
      1016      1017
      1017      1018
      1018      1019
      1019      1020
      1020      1021
      1014      1021
      1021      1022
      1022      1023
      1023      1024
      1024      1025
      1025      1026
      1026      1027
      1027      1028
      1028      1029
      1029      1030
      1030      1031
      1024      1031
      1031      1513
      1513      1512
      1512      1511
      1511      1510
      1510      1509
      1509      1508
      1508      1507
      1507      1506
      1506      1505
      1505      1504
      1504      1503
      1503      1502
      1502      1501
    100001      1001
      1501    101001
    100003    100004
    100004    100005
    100005    100006
      2001      2002
      2002      2003
      2003      2004
      2004      2005
      2005      2006
      2006      2007
      2007      2008
      2008      2009
      2009      2010
      2010      2011
      2004      2011
      2011      2012
      2012      2013
      2013      2014
      2014      2015
      2015      2016
      2016      2017
      2017      2018
      2018      2019
      2019      2020
      2020      2021
      2014      2021
      2021      2022
      2022      2023
      2023      2024
      2024      2025
      2025      2026
      2026      2027
      2027      2028
      2028      2029
      2029      2030
      2030      2031
      2024      2031
      2031      2513
      2513      2512
      2512      2511
      2511      2510
      2510      2509
      2509      2508
      2508      2507
      2507      2506
      2506      2505
      2505      2504
      2504      2503
      2503      2502
      2502      2501
    100004      2001
      2501    101004
    100006    100007
    100007    100008
    100008    100009
      3001      3002
      3002      3003
      3003      3004
      3004      3005
      3005      3006
      3006      3007
      3007      3008
      3008      3009
      3009      3010
      3010      3011
      3004      3011
      3011      3012
      3012      3013
      3013      3014
      3014      3015
      3015      3016
      3016      3017
      3017      3018
      3018      3019
      3019      3020
      3020      3021
      3014      3021
      3021      3022
      3022      3023
      3023      3024
      3024      3025
      3025      3026
      3026      3027
      3027      3028
      3028      3029
      3029      3030
      3030      3031
      3024      3031
      3031      3513
      3513      3512
      3512      3511
      3511      3510
      3510      3509
      3509      3508
      3508      3507
      3507      3506
      3506      3505
      3505      3504
      3504      3503
      3503      3502
      3502      3501
    100007      3001
      3501    101007
    100009    100010
      4001      4002
      4002      4003
      4003      4004
      4004      4005
      4005      4006
      4006      4007
      4007      4008
      4008      4009
      4009      4010
      4010      4011
      4004      4011
      4011      4012
      4012      4013
      4013      4014
      4014      4015
      4015      4016
      4016      4017
      4017      4018
      4018      4019
      4019      4020
      4020      4021
      4014      4021
      4021      4022
      4022      4023
      4023      4024
      4024      4025
      4025      4026
      4026      4027
      4027      4028
      4028      4029
      4029      4030
      4030      4031
      4024      4031
      4031      4513
      4513      4512
      4512      4511
      4511      4510
      4510      4509
      4509      4508
      4508      4507
      4507      4506
      4506      4505
      4505      4504
      4504      4503
      4503      4502
      4502      4501
    100010      4001
      4501    101010
    101002    101001
    101003    101002
    101004    101003
    101005    101004
    101006    101005
    101007    101006
    101008    101007
    101009    101008
    101010    101009