    100001         0         0         0
    100002         0         0       200
    100003         0         0       400
      1001         0       400         0
      1002         0       600         0
      1003         0       800         0
      1004         0      1000         0
      1005       200      1000         0
      1006       400      1000         0
      1007       600      1000         0
      1008       600      1040         0
      1009       400      1040         0
      1010       200      1040         0
      1011         0      1040         0
      1012         0      1240         0
      1013         0      1440         0
      1014         0      1640         0
      1015       200      1640         0
      1016       400      1640         0
      1017       600      1640         0
      1018       600      1680         0
      1019       400      1680         0
      1020       200      1680         0
      1021         0      1680         0
      1022         0      1880         0
      1023         0      2080         0
      1024         0      2280         0
      1025       200      2280         0
      1026       400      2280         0
      1027       600      2280         0
      1028       600      2320         0
      1029       400      2320         0
      1030       200      2320         0
      1031         0      2320         0
      1513       -30      2320         0
      1512       -30      2280         0
      1511       -30      2080         0
      1510       -30      1880         0
      1509       -30      1680         0
      1508       -30      1640         0
      1507       -30      1440         0
      1506       -30      1240         0
      1505       -30      1040         0
      1504       -30      1000         0
      1503       -30       800         0
      1502       -30       600         0
      1501       -30       400         0
    100004         0         0       600
    100005         0         0       800
    100006         0         0      1000
      2001         0       400       600
      2002         0       600       600
      2003         0       800       600
      2004         0      1000       600
      2005       200      1000       600
      2006       400      1000       600
      2007       600      1000       600
      2008       600      1040       600
      2009       400      1040       600
      2010       200      1040       600
      2011         0      1040       600
      2012         0      1240       600
      2013         0      1440       600
      2014         0      1640       600
      2015       200      1640       600
      2016       400      1640       600
      2017       600      1640       600
      2018       600      1680       600
      2019       400      1680       600
      2020       200      1680       600
      2021         0      1680       600
      2022         0      1880       600
      2023         0      2080       600
      2024         0      2280       600
      2025       200      2280       600
      2026       400      2280       600
      2027       600      2280       600
      2028       600      2320       600
      2029       400      2320       600
      2030       200      2320       600
      2031         0      2320       600
      2513       -30      2320       600
      2512       -30      2280       600
      2511       -30      2080       600
      2510       -30      1880       600
      2509       -30      1680       600
      2508       -30      1640       600
      2507       -30      1440       600
      2506       -30      1240       600
      2505       -30      1040       600
      2504       -30      1000       600
      2503       -30       800       600
      2502       -30       600       600
      2501       -30       400       600
    100007         0         0      1200
    100008         0         0      1400
    100009         0         0      1600
      3001         0       400      1200
      3002         0       600      1200
      3003         0       800      1200
      3004         0      1000      1200
      3005       200      1000      1200
      3006       400      1000      1200
      3007       600      1000      1200
      3008       600      1040      1200
      3009       400      1040      1200
      3010       200      1040      1200
      3011         0      1040      1200
      3012         0      1240      1200
      3013         0      1440      1200
      3014         0      1640      1200
      3015       200      1640      1200
      3016       400      1640      1200
      3017       600      1640      1200
      3018       600      1680      1200
      3019       400      1680      1200
      3020       200      1680      1200
      3021         0      1680      1200
      3022         0      1880      1200
      3023         0      2080      1200
      3024         0      2280      1200
      3025       200      2280      1200
      3026       400      2280      1200
      3027       600      2280      1200
      3028       600      2320      1200
      3029       400      2320      1200
      3030       200      2320      1200
      3031         0      2320      1200
      3513       -30      2320      1200
      3512       -30      2280      1200
      3511       -30      2080      1200
      3510       -30      1880      1200
      3509       -30      1680      1200
      3508       -30      1640      1200
      3507       -30      1440      1200
      3506       -30      1240      1200
      3505       -30      1040      1200
      3504       -30      1000      1200
      3503       -30       800      1200
      3502       -30       600      1200
      3501       -30       400      1200
    100010         0         0      1800
      4001         0       400      1800
      4002         0       600      1800
      4003         0       800      1800
      4004         0      1000      1800
      4005       200      1000      1800
      4006       400      1000      1800
      4007       600      1000      1800
      4008       600      1040      1800
      4009       400      1040      1800
      4010       200      1040      1800
      4011         0      1040      1800
      4012         0      1240      1800
      4013         0      1440      1800
      4014         0      1640      1800
      4015       200      1640      1800
      4016       400      1640      1800
      4017       600      1640      1800
      4018       600      1680      1800
      4019       400      1680      1800
      4020       200      1680      1800
      4021         0      1680      1800
      4022         0      1880      1800
      4023         0      2080      1800
      4024         0      2280      1800
      4025       200      2280      1800
      4026       400      2280      1800
      4027       600      2280      1800
      4028       600      2320      1800
      4029       400      2320      1800
      4030       200      2320      1800
      4031         0      2320      1800
      4513       -30      2320      1800
      4512       -30      2280      1800
      4511       -30      2080      1800
      4510       -30      1880      1800
      4509       -30      1680      1800
      4508       -30      1640      1800
      4507       -30      1440      1800
      4506       -30      1240      1800
      4505       -30      1040      1800
      4504       -30      1000      1800
      4503       -30       800      1800
      4502       -30       600      1800
      4501       -30       400      1800
    101001       -30         0         0
    101002       -30         0       200
    101003       -30         0       400
    101004       -30         0       600
    101005       -30         0       800
    101006       -30         0      1000
    101007       -30         0      1200
    101008       -30         0      1400
    101009       -30         0      1600
    101010       -30         0      1800